1.050000000000000488e+00 3.781534080237810569e-01
4.500000000000000000e+01 2.598364870452185116e+01
1.095438250812505387e+01 2.083459482448869693e+01
6.366045924634842201e-01 3.077898517729282246e-01
6.366045924634842201e-01 3.077898517729282246e-01
9.000000000000000000e+01 5.196441089822918258e+01
-7.611809446955780656e-01 7.037850604990423253e-01
0.000000000000000000e+00 1.045413999723786118e-02
0.000000000000000000e+00 9.463361971165470954e-03
0.000000000000000000e+00 1.515144584648368679e-04
0.000000000000000000e+00 1.045413999723786118e-02
0.000000000000000000e+00 3.437098148523627938e-01
0.000000000000000000e+00 2.263076857191454183e-01
0.000000000000000000e+00 4.551755432348725261e-02
0.000000000000000000e+00 9.463361971165470954e-03
0.000000000000000000e+00 2.263076857191454183e-01
0.000000000000000000e+00 3.448945934882928221e-01
0.000000000000000000e+00 5.238412414086512231e-02
0.000000000000000000e+00 1.515144584648368679e-04
0.000000000000000000e+00 4.551755432348725261e-02
0.000000000000000000e+00 5.238412414086512231e-02
0.000000000000000000e+00 3.553208886192558702e-01
