1.050000000000000488e+00 3.781534080237810569e-01
2.000000000000000000e+01 1.154989177438472936e+01
1.095438250812505387e+01 2.083459482448869693e+01
6.366045924634842201e-01 3.077898517729282246e-01
6.366045924634842201e-01 3.077898517729282246e-01
9.000000000000000000e+01 5.196441089822918258e+01
-7.436290855891583007e-01 8.759178922008341583e-01
0.000000000000000000e+00 1.367304504438332236e-01
0.000000000000000000e+00 1.104929089934974518e-01
0.000000000000000000e+00 2.090475094246342506e-04
0.000000000000000000e+00 1.367304504438332513e-01
0.000000000000000000e+00 4.046601499132788105e-01
0.000000000000000000e+00 2.366185205849108963e-01
0.000000000000000000e+00 7.607892527352383416e-02
0.000000000000000000e+00 1.104929089934974656e-01
0.000000000000000000e+00 2.366185205849110629e-01
0.000000000000000000e+00 4.724451753089900508e-01
0.000000000000000000e+00 9.838053971713496548e-02
0.000000000000000000e+00 2.090475094246342235e-04
0.000000000000000000e+00 7.607892527352383416e-02
0.000000000000000000e+00 9.838053971713496548e-02
0.000000000000000000e+00 3.820631506066744509e-01
