1.050000000000000488e+00 3.781534080237810569e-01
4.500000000000000000e+01 2.598364870452185116e+01
1.095438250812505387e+01 2.083459482448869693e+01
6.366045924634842201e-01 3.077898517729282246e-01
6.366045924634842201e-01 3.077898517729282246e-01
9.000000000000000000e+01 5.196441089822918258e+01
-6.862907315646618045e-01 7.483076595823858757e-01
0.000000000000000000e+00 2.878567146876916116e-02
0.000000000000000000e+00 2.097788342762295713e-02
0.000000000000000000e+00 1.249365231490400907e-04
0.000000000000000000e+00 2.878567146876915769e-02
0.000000000000000000e+00 2.932121645638052221e-01
0.000000000000000000e+00 1.327997128510469971e-01
0.000000000000000000e+00 6.567230345623056853e-02
0.000000000000000000e+00 2.097788342762295366e-02
0.000000000000000000e+00 1.327997128510469971e-01
0.000000000000000000e+00 3.216673702591377193e-01
0.000000000000000000e+00 8.591682186153702661e-02
0.000000000000000000e+00 1.249365231490400907e-04
0.000000000000000000e+00 6.567230345623056853e-02
0.000000000000000000e+00 8.591682186153701273e-02
0.000000000000000000e+00 1.875410779571133890e-01
