1.050000000000000488e+00 3.781534080237810569e-01
2.000000000000000000e+01 1.154989177438472936e+01
1.095438250812505387e+01 2.083459482448869693e+01
6.366045924634842201e-01 3.077898517729282246e-01
6.366045924634842201e-01 3.077898517729282246e-01
9.000000000000000000e+01 5.196441089822918258e+01
-6.348752530223525925e-01 8.343686600215193261e-01
0.000000000000000000e+00 1.984586307475842415e-01
0.000000000000000000e+00 1.374516133054573264e-01
0.000000000000000000e+00 5.504279589103337533e-05
0.000000000000000000e+00 1.984586307475842415e-01
0.000000000000000000e+00 4.437391104834402245e-01
0.000000000000000000e+00 3.530746470501591183e-01
0.000000000000000000e+00 4.134255689686883867e-02
0.000000000000000000e+00 1.374516133054573264e-01
0.000000000000000000e+00 3.530746470501591183e-01
0.000000000000000000e+00 5.046005532341122368e-01
0.000000000000000000e+00 6.162732862210650725e-02
0.000000000000000000e+00 5.504279589103337533e-05
0.000000000000000000e+00 4.134255689686883867e-02
0.000000000000000000e+00 6.162732862210650725e-02
0.000000000000000000e+00 5.331417567377445543e-01
